[VG]
MIN=0.045314751999999986
MAX=0.245314752