[VG]
MIN=0.31207783999999994
MAX=0.59855188