[VG]
MIN=-0.17887060000000002
MAX=-0.19017004000000004