[VG]
MIN=-0.1568656968
MAX=0.0431343032