[VG]
MIN=-0.17872400000000002
MAX=-0.18998540000000003