[VG]
MIN=-0.17943424
MAX=0.43908468