[VG]
MIN=0.383359792
MAX=-0.390646