[VG]
MIN=0.18532144
MAX=0.38532144