[VG]
MIN=0.04615308800000001
MAX=0.24615308800000002