[VG]
MIN=0.24892579200000003
MAX=0.44892579200000005