[VG]
MIN=0.254876576
MAX=0.45487657600000003