[VG]
MIN=-0.073107904
MAX=0.126892096