[VG]
MIN=-0.1765081064
MAX=0.023491893599999997