[VG]
MIN=-0.157446096
MAX=0.04255390400000001