[VG]
MIN=0.19345306133333334
MAX=0.39345306133333335