[VG]
MIN=0.31201507999999994
MAX=0.5231014399999999