[VG]
MIN=0.2746602
MAX=0.58649336