[VG]
MIN=-0.36370836000000006
MAX=0.44760875999999994