[VG]
MIN=-0.35663528
MAX=-0.19387236000000002