[VG]
MIN=0.14158856
MAX=0.3732151600000001