[VG]
MIN=0.08423182400000007
MAX=0.2842318240000001