[VG]
MIN=-0.3549408
MAX=-0.1549408