[VG]
MIN=0.02523696000000003
MAX=0.22523696000000004