[VG]
MIN=0.2553057813333333
MAX=0.4553057813333333