[VG]
MIN=0.02610399999999999
MAX=0.226104