[VG]
MIN=-0.1020858704
MAX=0.09791412960000001