[VG]
MIN=0.35799408000000005
MAX=0.5579940800000001