[VG]
MIN=0.272163632
MAX=0.472163632