[VG]
MIN=-0.363748
MAX=0.44734028000000003