[VG]
MIN=0.26296808
MAX=0.49898227999999994