[VG]
MIN=-0.17937256
MAX=0.4344716