[VG]
MIN=-0.36425036
MAX=0.44689039999999997