[VG]
MIN=-0.36371028000000005
MAX=0.44749812