[VG]
MIN=0.2557365706666667
MAX=0.45573657066666673