[VG]
MIN=0.1929145226666667
MAX=0.3929145226666667