[VG]
MIN=0.17465712
MAX=0.37465712