[VG]
MIN=-0.36433923999999995
MAX=0.44667940000000006