[VG]
MIN=-0.17894555999999998
MAX=-0.11674891999999999