[VG]
MIN=0.10224659200000008
MAX=0.3022465920000001