[VG]
MIN=0.25229775200000004
MAX=0.45229775200000005