[VG]
MIN=0.25906952
MAX=0.45906952