[VG]
MIN=0.16599488
MAX=0.69913136