[VG]
MIN=-0.5474340853333335
MAX=-0.3474340853333334