[VG]
MIN=0.2554817119999999
MAX=0.4554817119999999