[VG]
MIN=-0.17891096
MAX=-0.19038952