[VG]
MIN=-0.15637208560000002
MAX=0.043627914399999995