[VG]
MIN=0.251046144
MAX=0.45104614400000004