[VG]
MIN=-0.08786089999999999
MAX=-0.0798737