[VG]
MIN=-0.03314636799999998
MAX=0.16685363200000003