[VG]
MIN=0.252563304
MAX=0.452563304