[VG]
MIN=0.294739984
MAX=0.494739984