[VG]
MIN=0.030772195999999998
MAX=0.33586615999999997