[VG]
MIN=-0.17882004
MAX=0.43987891999999995