[VG]
MIN=0.19701200000000002
MAX=0.39701200000000003