[VG]
MIN=0.11211379199999993
MAX=0.31211379199999995