[VG]
MIN=0.005615839999999983
MAX=0.20561584