[VG]
MIN=-0.36401511999999997
MAX=0.4471294