[VG]
MIN=0.15294592
MAX=0.35294592