[VG]
MIN=0.11159940266666663
MAX=0.31159940266666664