[VG]
MIN=0.21473032
MAX=0.5488982