[VG]
MIN=0.13928832000000002
MAX=0.33928832000000003