[VG]
MIN=-0.36377356000000005
MAX=0.44739592