[VG]
MIN=0.11541908
MAX=0.41097155999999996