[VG]
MIN=-0.201534264992
MAX=-0.001534264992