[VG]
MIN=0.30942620800000004
MAX=0.509426208