[VG]
MIN=0.056737279999999994
MAX=0.32603372