[VG]
MIN=0.73874476
MAX=0.73874476