[VG]
MIN=-0.05214408533333334
MAX=0.14785591466666667